    unsorted:	 3.113964084e+012
      sorted:	 3.113964084e+012
