    unsorted:	 602.8341440 22276149.72
      sorted:	 602.8341440 22276149.72
