    unsorted:	 674.2726759 29121183.41
      sorted:	 674.2726759 29121183.41
